threads=1000

Concurrent clients         Requests/sec

10                           10421.01 
20                           9642.46
30                           9914.83 
40                           10259.99 
50                           9704.97 
60                           9880.54 

threads=5000

10                            10538.52 
20                            11194.07 
30                            13870.97 
40                        1   2180.27 
50                            12891.25 
60                            12048.77 

threads=10000

10                            11241.89 
20                            11895.42 
30                            12817.72 
40                            12791.98 
50                            11310.55 
60                            11485.28